1074518754
202206694
224285242
278145569
278124059
15808765
5558312
1080870981877534720
1597271188383866883
43910797
817138492614524928
117501995
193794406
109071031
249787913
171598736
1017500185356853248
19726613
15324851
13218102
811313565760163844
968650362
1048784496
600463589
1074480192
11651202
1058520120
247334603
2856787757
476256944
1612264272364453888
1071402577
72198806
432895323
10615232
1346873610875654147
946549322
2352629311
1099199839
1318728336923787264
92186819
382791093
983348251972816896
233737858
172858784
1324926274888888320
816683274076614656
1068481578
22044727
225921757
88784440
19318314
22831059
234374703
21406834
1336344005588738052
18695134
29201047
18632666
1060370282
18061669
150078976
293131808
521747968
1351236267707654145
216881337
236511574
486694111
1610027469205082114
1096059529
1078693601356509184
818554054309715969
2955485182
15745368
29442313
2962923040
1262099252
1603540143872385026
17494010
131546062
217543151
109287731
1080844782
941000686275387392
76456274
2891210047
515822213
296361085
2964174789
1345739193721487362
18137749
1410590377682378755
7429102
1352287997853622273
970207298
1410590874
242555999
264219447
250188760
234128524
2916086925
76452765
3018670151
1612483604071727104
2964287128
1078355119920562176
402719755
1080515866255593472
816284664658874368
1330278736554582016
2929491549
818975124460335106
1086316494450032640
1037341536592310272
1606115178210365448
816131319033950208
1089334250
816833925456789505
1604927550081359875
1531521632
1345788865911656454
950783972
815241612154417152
2962868158
1344260196227555334
816652616625168388
26051676
1176522535531360257
249410485
15954997
817050219007328258
1342989756611907584
558769636
2964877294
1344389506963808264
4304448314
1603032402942730248
1456381091598700556
1243902714
20467163
2862577383
234812598
1603476713995911168
1028854804087492613
15751083
1606342594765590528
1002630999052865536
22545491
1344325638983987201
1610302050474102784
816157667882373120
1222257180
1457745193197780993
1341091420439015424
199325935
2973870195
18030431
1352760304271241218
776664410
1499512178013057032
1081350574589833221
1083472286089396224
1880674038
231510077
1583530102297600000
1484252226646421505
193732179
462143773
1603530970593775616
240812994
163570705
1072158357237174272
1039879658400112640
1357017361568694274
162069635
23124635
1601030771124408325
1274852794206388225
78445977
815985039485837312
245451804
85396297
1080222360643485698
1608891205902794753
233693291
1080894931311431682
1609974443631157248
1080191866509901826
210926192
931614483050414080
1080516116395499522
742735530287304704
789244177
1610323296360210433
567508925
28599820
1590396129094647814
140519774
995193054
1608934316779921408
2968007206
235312723
1608215359462559746
37094727
2970279814
153944899
1343968646050283522
1613250027878490137
240393970
815952318487298048
1602748099792879616
1366523868253458437
1075517806551154689
249348006
817076257770835968
854715071116849157
90639372
1602788004749344768
1343258042704527362
1345135363761852416
806583915012046854
1563316176717246464
1344375287484723205
1004891731
816303263586914304
235190657
1075904377221722113
1547025742529167360
1080509366
1611471154732060692
16256269
1077121945
1343664721384398849
1608494113174822925
1603514304354983941
1078741899572240384
818948638890217473
815966620300480514
2966570782
88806753
1344349650447433729
1082427779583541248
1262531473057423361
1602792195878047744
1080587263132733442
1343679195034103808
1080891667308298240
1610019555371372544
2371339658
1343627416120532992
818536152588238849
819744763020775425
1345536897838436353
1029094268542099457
240760644
815310506596691968
161743731
2951574214
29766367
156333623
1080477288955826176
1344356576786866176
234057152
28602948
2976606250
1081243468327018496
1908143071
1578455747263766528
1080851152151953410
960962340
1345787285179162624
1082086081238102018
1067818539179024386
33576489
843636970538618880
2953974395
31611298
1340783304304410625
389840566
1603694348725526528
1052896620797460481
22012091
1612865196489412608
935033864
1071102246
233949261
63650107
1610111693836664834
1611423475775770628
1615455071801679874
1341903465610686464
80612021
1345103905869455361
1609056891547668480
815733290955112448
467823431
211530910
1074782372594413569
24745957
827279765287559171
18166778
976969338
1082311988926124036
1613235716669988871
581141508
1607422757670641665
232992031
935368364
1339931490
3317799825
816298918468259841
1605275643523891201
1045110018
1610356961475809280
1058917562
1078771848882593793
1344677401465397249
814179031956488192
1058717720
816012124505931780
3686482216
1588581125177442305
1069124515
584012853
1613637172346642432
1611396007111057408
404132211
50452197
15394954
1345850704800468993
1590372047015886853
248735463
1608230657796227072
999285287812558848
1079061579973439488
1345147845926670337
996094929733652481
1382395679700439041
1072134139560620033
3044993235
267938462
2914163523
242772524
1849261916
1610230835289923584
1603028043454447621
310310133
1343597700542038017
1615455207713808384
1344750588026900481
1345825008887721986
1337115670161608712
975200486
814103950404239360
38254095
1082380458976051202
19739126
26424123
1344032292432437248
50152441
516880804
1610689483929780225
1610300298303787008
242426145
27676828
22812754
1603468242852397057
1051127714
1080574793630527505
1276209702322438148
1081318716573470720
1343656635907125250
1610383926446489600
1345807954604412929
1611138873496637440
1603419749748297728
2696643955
2964526557
1339006078688825344
1337452596093587462
22669526
1603470469608374272
1064595993222615040
1610009027743830018
1603050607367028736
1346205046036377601
1610411994888409088
1173978070535024642
40302336
161411080
442824717
1078749802765139968
1347318288850825217
2930635215
1591085093220671491
3122099613
880480631108644864
23600262
1610323831809363971
272482466
1079104563280527364
1603110823014141952
1082334352711790593
1344481217685692416
31801993
2861616083
796736612554117120
1067748650485497862
74508260
1155335864
15764644
1570080351674048514
1082369392229400576
1603127874512453632
18773159
1135486501
1610014478405406720
1341120751399809026
1061310112013434882
14984637
2724095695
1206227149
1081222837459996672
25086658
1080584229510172678
56864092
3026622545
1074354529787895808
806906355214852096
4205133682
17976923
550401754
33977070
1081312310059253763
1344751420139040783
1348683154815655940
834069080
1082790600292925440
1089859058
305620929
828977216595849216
1569400849130049537
926446070812602371
1325928411689349120
1611800554614755328
312134473
1615397155027525633
364415553
1209417007
1067541214671577093
24195214
29501253
1071840474
1609941568869335041
1080462532815532032
229197216
234797704
168673083
161791703
1612430165585416192
24735461
381152398
30216513
1080569698536878081
76132891
1078401427347857408
58928690
296245061
14802766
1623308912
41417564
1611441794704674828
818713465653051392
1078771401497161728
1344845201479663621
1404519992582942724
1080885078425784320
1075830599007510535
1343740146630451200
2962813893
1075205691621720064
1083125649609506816
1076161611033968640
1072008757
1343646545955213312
825191196775546883
942156122
1611527835742519297
1037321378
797201048490430465
1610719275265802253
82453460
18967498
303861808
1267841066335682562
1079770852302958592
122174004
1079769536730140672
1610730477563805699
84119348
236279233
1276403757224546304
1079802482640019456
1080573351914061825
51228911
1080539438508400642
1128514404
1468677099594698757
1339633259349745670
1598778014401269760
1260172386
1610096539577487360
1074129612
164369297
1051446626
237862972
1082416697380913152
1140648348
36686040
2968451607
1058051748
281540744
518644221
2852998461
1017819745880543238
1069636653353000962
1602757312539680770
1345461797361504259
1077446982
234014087
254082173
15356407
234469322
1605665632858607617
2953494478